P_n = [-3545897.5281903576, -3545897.5281903576, -3545897.5281903576, -3545897.5281903576, -3545897.5281903576, -3545897.5281903576, -3545897.5281903576, -3545897.5281903576, -3545897.5281903576, -3545897.5281903576]
P_o = [-170822124.94492495, -170822124.94492495, -170822124.94492495, -170822124.94492495, -170822124.94492495, -170822124.94492495, -170822124.94492495, -170822124.94492495, -170822124.94492495, -170822124.94492495]
P_e = [-47762784.633867, -47696987.446301796, -47596957.664586484, -47497972.87444732, -47401654.85340563, -47306591.990767136, -47211217.69344605, -47114046.4898702, -47013697.24027144, -46909550.20049519]
P_c = [-15359716.202555701, -15959853.641549015, -16589715.213309972, -17258300.35852933, -17976271.75454727, -18756337.652691904, -19617563.738622274, -20594404.4411067, -21767984.160623223, -23490193.047421336]
logP = [-3377125.493257476, -3377005.3291556607, -3376971.5685629854, -3376978.7441977095, -3377010.4913494955, -3377061.522961667, -3377137.985152765, -3377247.8791552815, -3377407.0120112738, -3377733.763755604]
