P_n = [-3561967.8043551743, -3561967.8043551743, -3561967.8043551743, -3561967.8043551743, -3561967.8043551743, -3561967.8043551743, -3561967.8043551743, -3561967.8043551743, -3561967.8043551743, -3561967.8043551743]
P_o = [-170841001.93241936, -170841001.93241936, -170841001.93241936, -170841001.93241936, -170841001.93241936, -170841001.93241936, -170841001.93241936, -170841001.93241936, -170841001.93241936, -170841001.93241936]
P_e = [-47776509.02768534, -47711088.957124196, -47611558.30210755, -47513037.72274584, -47417143.63639379, -47322476.127092056, -47227480.61564522, -47130682.08315031, -47030708.20626791, -46926941.20581482]
P_c = [-15372827.459541412, -15972097.463934883, -16601715.626527768, -17270328.942672547, -17988480.06513911, -18768812.067401305, -19630323.211750574, -20607362.021021064, -21780788.255922332, -23501257.233963706]
logP = [-3378448.0782663045, -3378279.602230221, -3378203.005123987, -3378184.8103573155, -3378207.464747022, -3378261.8062269185, -3378346.117648454, -3378469.9161020624, -3378660.8619219414, -3379009.6723426688]
