P_n = [-3557209.318750741, -3557209.318750741, -3557209.318750741, -3557209.318750741, -3557209.318750741, -3557209.318750741, -3557209.318750741, -3557209.318750741, -3557209.318750741, -3557209.318750741]
P_o = [-170920326.2307025, -170920326.2307025, -170920326.2307025, -170920326.2307025, -170920326.2307025, -170920326.2307025, -170920326.2307025, -170920326.2307025, -170920326.2307025, -170920326.2307025]
P_e = [-47795618.076678246, -47729956.73771011, -47630032.430445164, -47531107.50421528, -47434819.6900817, -47339770.99669427, -47244405.68516162, -47147248.05654847, -47046928.58965612, -46942852.71011943]
P_c = [-15375179.07157873, -15975745.686502198, -16606335.53657348, -17275834.48580207, -17994857.217818182, -18776089.78252735, -19638573.765370253, -20616721.895950083, -21791540.660375945, -23514341.384502705]
logP = [-3380728.5761775556, -3380599.165402143, -3380542.0649846992, -3380531.052613361, -3380554.085310104, -3380604.7132346057, -3380686.2132414267, -3380810.6777136493, -3381011.222723041, -3381391.3609951497]
